16100
16000
16000
16000
16200
15800
16100
15900
14800
14200
14200
14800
14500
14700
14400
14200
14400
13600
13000
12900
12900
11900
11900
12200
12000
12100
12100
12200
12300
12500
13500
13300
13400
13200
13400
13400
13200
13300
13300
13200
13200
13300
13400
13200
13300
13200
13000
12400
12200
12400
12400
12400
12300
12300
12300
12600
15900
22000
23500
35600
40700
47300
51300
51600
51200
50600
48500
46500
43800
41000
39100
37400
37800
39100
39100
38500
36500
35800
32200
31100
29700
28000
24900
24800
24100
24000
24000
24400
27800
29200
30800
32200
32200
29600
28000
28000
24200
24100
23100
23100
24000
23800
23700
23800
22100
21600
21600
21500
21600
21500
21500
21600
23700
27600
29900
34800
36600
38100
33500
33400
30600
27200
26300
24500
21900
20100
20000
19000
19700
19400
19700
19500
19400
22400
25400
25400
25500
25700
28200
30100
30500
30700
30600
32900
34500
35600
35700
35400
33200
33000
29300
26000
26100
26000
31100
32300
34900
39400
41800
43300
45800
45500
43100
43200
39400
36000
33100
30500
30500
28900
28200
28400
28300
36000
38500
47700
49300
55900
54600
50900
47600
43600
39000
35700
32700
30500
29000
28000
26900
24600
21800
25600
31100
38400
45200
62900
60000
59200
55300
52300
49500
46200
45100
41700
38400
34200
31000
27700
24200
24200
23200
22100
22200
22300
22100
20300
20100
18900
17900
16100
16100
16100
16200
16200
16300
16100
14900
16000
15900
16800
16900
25800
28600
28300
26300
24900
22700
20800
18100
18000
18100
18100
19300
18900
14200
14500
13100
13100
16700
17800
16000
13100
16900
16700
16500
15100
15500
22900
26900
25700
20000
19800
18400
15900
11800
11800
11800
11900
13100
13000
13000
13000
13000
12300
11800
11700
11900
11700
11700
11700
11700
11600
11000
9800
9200
9300
10600
14400
14400
11900
10600
9200
10500
11900
12000
13100
12900
12500
14800
14700
14700
15000
14800
14800
14700
14900
14800
17400
19700
21200
21000
20400
20800
27200
30100
32300
32300
32200
34000
34600
34000
33600
34600
34200
33000
33000
31300
28400
25800
24800
22300
21400
21900
22100
24700
26100
24400
24500
24300
22000
19600
9100
10700
13200
13500
13800
15500
14800
13800
13700
12800
13000
13300
13300
14200
15900
16300
17500
17300
17400
17100
17100
17400
17400
17500
18100
18200
