0
0.277777778
0.222222222
0.222222222
0.222222222
0
0
0
0.222222222
0.222222222
0.166666667
0.277777778
0.222222222
0.166666667
0
0
0
0
0
0
0
0.111111111
0
0
0
0
0.111111111
0.111111111
0
0
0.111111111
0.111111111
0.111111111
0.166666667
0.111111111
0.111111111
0.111111111
0.111111111
0.111111111
0.111111111
0
0
0
0
0
0
0
0
0
0
0
0
0
0
0
0
0
0.277777778
0.277777778
1.111111111
2.888888889
3.833333333
3.388888889
3.888888889
3.888888889
4.444444444
6.111111111
7.222222222
8.888888889
10
9.444444444
5.555555556
5.555555556
5.555555556
5
5.555555556
5
5
4.444444444
3.888888889
3.888888889
3.888888889
5
5.555555556
7.222222222
7.777777778
8.333333333
7.777777778
7.222222222
6.666666667
7.222222222
7.222222222
9.388888889
9.444444444
10.11111111
8.333333333
7.777777778
8.388888889
9.111111111
6.666666667
7.333333333
8.222222222
8.277777778
7.777777778
7.777777778
8.333333333
11.66666667
11.66666667
11.66666667
11.66666667
9.444444444
9.444444444
8.333333333
8.333333333
10.55555556
11.66666667
12.77777778
13.88888889
15
15.55555556
15
15
15.55555556
17.22222222
17.77777778
18.33333333
19.88888889
20.66666667
21.33333333
22
21.72222222
24.05555556
17.22222222
17.33333333
17.22222222
14.55555556
14.77777778
15.5
17
16.11111111
14.44444444
16.11111111
16.94444444
16.11111111
18.88888889
19.44444444
19.44444444
20
18.88888889
17.77777778
17.22222222
17.22222222
18.33333333
18.33333333
18.88888889
18.33333333
19.44444444
17.77777778
18.88888889
19.44444444
19.44444444
21.66666667
23
23.72222222
24.44444444
22.77777778
21.66666667
20.94444444
20.55555556
20
20.55555556
20.94444444
21.66666667
22.66666667
22.27777778
22.22222222
22.22222222
22.22222222
22.22222222
22.77777778
23.33333333
22.22222222
23.33333333
23.88888889
23.88888889
23.33333333
23.88888889
23.88888889
25
26.11111111
25
26.66666667
26.11111111
27.22222222
27.22222222
26.11111111
26.77777778
27.05555556
27.22222222
27.22222222
26.66666667
24.16666667
23.88888889
23.33333333
23.33333333
23.88888889
24.88888889
24.44444444
23.72222222
23.55555556
24.44444444
24.44444444
23.88888889
23.88888889
26.11111111
26.11111111
26.11111111
25.55555556
25.55555556
23.88888889
24.44444444
25
26.11111111
26.66666667
26.66666667
26.66666667
26.33333333
26.66666667
27.22222222
26.66666667
25.55555556
23.05555556
24.05555556
#VALUE!
#VALUE!
22.44444444
22.77777778
23.33333333
24.44444444
25
25.55555556
25
24.44444444
23.33333333
24.44444444
26.11111111
25
24.44444444
24.44444444
22.77777778
21.66666667
21.11111111
20.55555556
22.22222222
22.22222222
23.33333333
23.33333333
21.66666667
21.66666667
20.55555556
20
20
20
20.55555556
20
18.33333333
17.22222222
15.55555556
14.44444444
14.27777778
14.77777778
15.11111111
15.38888889
15.55555556
16.11111111
16.11111111
17.22222222
16.66666667
15.55555556
15
14.44444444
11.66666667
10
8.888888889
9.444444444
8.888888889
10.55555556
11.11111111
13.33333333
14.44444444
13.88888889
13.33333333
13.33333333
13.88888889
13.88888889
14.44444444
14.44444444
14.44444444
14.44444444
15
#VALUE!
15.88888889
14.66666667
13.5
12.55555556
12.27777778
12.83333333
13.88888889
13.88888889
11.66666667
11.11111111
10.55555556
10.55555556
8.333333333
6.666666667
6.666666667
6.111111111
6.111111111
5.555555556
5
3.888888889
3.333333333
3.333333333
2.777777778
1.666666667
1.111111111
0.555555556
0.555555556
0.555555556
0.555555556
0.555555556
0.555555556
0.555555556
1.111111111
1.666666667
1.666666667
2.222222222
1.833333333
1
0.666666667
0.388888889
0.333333333
0.388888889
0.444444444
0.444444444
0.5
0.555555556
0.388888889
0.388888889
0.388888889
0.388888889
0.388888889
0.388888889
0.388888889
0.388888889
0.388888889
0.388888889
0
0
0
0
0
0
0
0.555555556
0.555555556
0.555555556
